0.90660 0.00000 0.04556 0.00000 0.04555 0.00000 0.00229 0.00000 
0.08745 0.00000 0.00439 0.00000 0.86470 0.00000 0.04346 0.00000 
0.08745 0.00000 0.00439 0.00000 0.86470 0.00000 0.04346 0.00000 
0.03756 0.00000 0.00189 0.00000 0.91459 0.00000 0.04596 0.00000 
0.04585 0.00000 0.90657 0.00000 0.00229 0.00000 0.04530 0.00000 
0.04417 0.00000 0.87342 0.00000 0.00397 0.00000 0.07844 0.00000 
0.04417 0.00000 0.87342 0.00000 0.00397 0.00000 0.07844 0.00000 
0.00230 0.00000 0.04557 0.00000 0.04583 0.00000 0.90629 0.00000 
0.04585 0.00000 0.90657 0.00000 0.00229 0.00000 0.04530 0.00000 
0.04417 0.00000 0.87342 0.00000 0.00397 0.00000 0.07844 0.00000 
0.04417 0.00000 0.87342 0.00000 0.00397 0.00000 0.07844 0.00000 
0.00230 0.00000 0.04557 0.00000 0.04583 0.00000 0.90629 0.00000 
0.03715 0.00000 0.91527 0.00000 0.00186 0.00000 0.04573 0.00000 
0.03612 0.00000 0.88981 0.00000 0.00289 0.00000 0.07118 0.00000 
0.03612 0.00000 0.88981 0.00000 0.00289 0.00000 0.07118 0.00000 
0.00187 0.00000 0.04609 0.00000 0.03713 0.00000 0.91491 0.00000 
0.00000 0.90687 0.00000 0.04530 0.00000 0.04556 0.00000 0.00228 
0.00000 0.08723 0.00000 0.00436 0.00000 0.86519 0.00000 0.04322 
0.00000 0.08723 0.00000 0.00436 0.00000 0.86519 0.00000 0.04322 
0.00000 0.03757 0.00000 0.00188 0.00000 0.91486 0.00000 0.04570 
0.00000 0.91556 0.00000 0.03660 0.00000 0.04600 0.00000 0.00184 
0.00000 0.08005 0.00000 0.00320 0.00000 0.88151 0.00000 0.03524 
0.00000 0.08005 0.00000 0.00320 0.00000 0.88151 0.00000 0.03524 
0.00000 0.03785 0.00000 0.00151 0.00000 0.92371 0.00000 0.03693 
0.00000 0.91556 0.00000 0.03660 0.00000 0.04600 0.00000 0.00184 
0.00000 0.08005 0.00000 0.00320 0.00000 0.88151 0.00000 0.03524 
0.00000 0.08005 0.00000 0.00320 0.00000 0.88151 0.00000 0.03524 
0.00000 0.03785 0.00000 0.00151 0.00000 0.92371 0.00000 0.03693 
0.00000 0.04602 0.00000 0.90639 0.00000 0.00230 0.00000 0.04529 
0.00000 0.04433 0.00000 0.87309 0.00000 0.00399 0.00000 0.07859 
0.00000 0.04433 0.00000 0.87309 0.00000 0.00399 0.00000 0.07859 
0.00000 0.00231 0.00000 0.04556 0.00000 0.04601 0.00000 0.90612 
